2 88 8 10 20 22 24 26 18 34 12 50 56 64 66 68 70 72 1 4 6 99 28 30 36 38 40 42 44 46 52 54 48 78 60 62 80 82 3 5 7 9 11 13 15 14 16 17 19 21 23 25 27 29 31 33 35 37 39 41 43 45 47 49 51 53 55 57 73 74 75 76 77 79 59 61 63 65 32 67 69 71 58 81 83
2 0.5 0 0 0 0 0 0 0 0 0 0 0 0 0 0 0 0 0 0 0 0 0 0 0 0 0 0 0 0 0 0 0 0 0 0 0 0 0 0.25 0.125 0.125 0.125 0.0625 0.0625 0.0625 0 0 0.0625 0.0625 0.03125 0.015625 0.0078125 0.00390625 0.001953125 0.0009765625 0.03125 0.015625 0.0078125 0.00390625 0.001953125 0.0009765625 0.00048828125 0.000244140625 0.03125 0.015625 0.0078125 0.00390625 0.001953125 0.0029296875 0.00146484375 0.002197265625 0.0001220703125 0.00115966796875 0.000579833984375 0.03125 0.015625 0.0078125 0.00390625 0.001953125 0.03125 0.015625 0.0078125 0.00390625 0.0002899169921875 0.00014495849609375
88 0 0.5 0 0 0 0 0 0 0 0 0 0 0 0 0 0 0 0 0 0 0 0 0 0 0 0 0 0 0 0 0 0 0 0 0 0 0 0 0 0 0 0 0 0 0 0.25 0.25 0 0 0 0 0 0 0 0 0 0 0 0 0 0 0 0 0 0 0 0 0 0.0078125 0.00390625 0.005859375 0 0.0029296875 0.00146484375 0.125 0.0625 0.03125 0.015625 0.0078125 0.125 0.0625 0.03125 0.015625 0.000732421875 0.0003662109375
8 0 0 0.5 0 0 0 0 0 0 0 0 0 0 0 0 0 0 0 0 0 0 0 0 0 0 0 0 0 0 0 0 0 0 0 0 0 0 0 0 0 0 0 0 0 0 0 0 0.25 0 0 0 0 0 0 0 0.125 0.0625 0.03125 0.015625 0.0078125 0.00390625 0.001953125 0.0009765625 0 0 0 0 0 0 0 0 0.00048828125 0.000244140625 0.0001220703125 0 0 0 0 0 0 0 0 0 6.103515625e-05 3.0517578125e-05
10 0 0 0 0.5 0 0 0 0 0 0 0 0 0 0 0 0 0 0 0 0 0 0 0 0 0 0 0 0 0 0 0 0 0 0 0 0 0 0 0 0 0 0 0 0 0 0 0 0 0.25 0.125 0.0625 0.03125 0.015625 0.0078125 0.00390625 0 0 0 0 0 0 0 0 0 0 0 0 0 0 0.001953125 0.0009765625 0 0.00048828125 0.000244140625 0 0 0 0 0 0 0 0 0 0.0001220703125 6.103515625e-05
20 0 0 0 0 0.5 0 0 0 0 0 0 0 0 0 0 0 0 0 0 0 0 0 0 0 0 0 0 0 0 0 0 0 0 0 0 0 0 0 0 0 0 0 0 0 0 0 0 0 0 0.25 0.125 0.0625 0.03125 0.015625 0.0078125 0 0 0 0 0 0 0 0 0 0 0 0 0 0 0.00390625 0.001953125 0 0.0009765625 0.00048828125 0 0 0 0 0 0 0 0 0 0.000244140625 0.0001220703125
22 0 0 0 0 0 0.5 0 0 0 0 0 0 0 0 0 0 0 0 0 0 0 0 0 0 0 0 0 0 0 0 0 0 0 0 0 0 0 0 0 0 0 0 0 0 0 0 0 0 0 0 0.25 0.125 0.0625 0.03125 0.015625 0 0 0 0 0 0 0 0 0 0 0 0 0 0 0.0078125 0.00390625 0 0.001953125 0.0009765625 0 0 0 0 0 0 0 0 0 0.00048828125 0.000244140625
24 0 0 0 0 0 0 0.5 0 0 0 0 0 0 0 0 0 0 0 0 0 0 0 0 0 0 0 0 0 0 0 0 0 0 0 0 0 0 0 0 0 0 0 0 0 0 0 0 0 0 0 0 0.25 0.125 0.0625 0.03125 0 0 0 0 0 0 0 0 0 0 0 0 0 0 0.015625 0.0078125 0 0.00390625 0.001953125 0 0 0 0 0 0 0 0 0 0.0009765625 0.00048828125
26 0 0 0 0 0 0 0 0.5 0 0 0 0 0 0 0 0 0 0 0 0 0 0 0 0 0 0 0 0 0 0 0 0 0 0 0 0 0 0 0 0 0 0 0 0 0 0 0 0 0 0 0 0 0.25 0.125 0.0625 0 0 0 0 0 0 0 0 0 0 0 0 0 0 0.03125 0.015625 0 0.0078125 0.00390625 0 0 0 0 0 0 0 0 0 0.001953125 0.0009765625
18 0 0 0 0 0 0 0 0 0.5 0 0 0 0 0 0 0 0 0 0 0 0 0 0 0 0 0 0 0 0 0 0 0 0 0 0 0 0 0 0 0 0 0 0 0 0 0 0 0 0 0 0 0 0 0 0 0.25 0.125 0.0625 0.03125 0.015625 0.0078125 0.00390625 0.001953125 0 0 0 0 0 0 0 0 0.0009765625 0.00048828125 0.000244140625 0 0 0 0 0 0 0 0 0 0.0001220703125 6.103515625e-05
34 0 0 0 0 0 0 0 0 0 0.5 0 0 0 0 0 0 0 0 0 0 0 0 0 0 0 0 0 0 0 0 0 0 0 0 0 0 0 0 0 0 0 0 0 0 0 0 0 0 0 0 0 0 0 0 0 0 0.25 0.125 0.0625 0.03125 0.015625 0.0078125 0.00390625 0 0 0 0 0 0 0 0 0.001953125 0.0009765625 0.00048828125 0 0 0 0 0 0 0 0 0 0.000244140625 0.0001220703125
12 0 0 0 0 0 0 0 0 0 0 0.5 0 0 0 0 0 0 0 0 0 0 0 0 0 0 0 0 0 0 0 0 0 0 0 0 0 0 0 0 0 0 0 0 0 0 0 0 0 0 0 0 0 0 0 0 0 0 0 0 0 0 0 0 0.25 0.125 0.0625 0.03125 0.015625 0.0078125 0 0.00390625 0 0.001953125 0.0009765625 0 0 0 0 0 0 0 0 0 0.00048828125 0.000244140625
50 0 0 0 0 0 0 0 0 0 0 0 0.5 0 0 0 0 0 0 0 0 0 0 0 0 0 0 0 0 0 0 0 0 0 0 0 0 0 0 0 0 0 0 0 0 0 0 0 0 0 0 0 0 0 0 0 0 0 0 0 0 0 0 0 0 0.25 0.125 0.0625 0.03125 0.015625 0 0.0078125 0 0.00390625 0.001953125 0 0 0 0 0 0 0 0 0 0.0009765625 0.00048828125
56 0 0 0 0 0 0 0 0 0 0 0 0 0.5 0 0 0 0 0 0 0 0 0 0 0 0 0 0 0 0 0 0 0 0 0 0 0 0 0 0 0 0 0 0 0 0 0 0 0 0 0 0 0 0 0 0 0 0 0 0 0 0 0 0 0 0 0 0 0.25 0.125 0 0.0625 0 0.03125 0.015625 0 0 0 0 0 0 0 0 0 0.0078125 0.00390625
64 0 0 0 0 0 0 0 0 0 0 0 0 0 0.5 0 0 0 0 0 0 0 0 0 0 0 0 0 0 0 0 0 0 0 0 0 0 0 0 0 0 0 0 0 0 0 0 0 0 0 0 0 0 0 0 0 0 0 0 0 0 0 0 0 0 0 0 0 0 0 0.0625 0.03125 0 0.015625 0.0078125 0 0 0 0.25 0.125 0 0 0 0 0.00390625 0.001953125
66 0 0 0 0 0 0 0 0 0 0 0 0 0 0 0.5 0 0 0 0 0 0 0 0 0 0 0 0 0 0 0 0 0 0 0 0 0 0 0 0 0 0 0 0 0 0 0 0 0 0 0 0 0 0 0 0 0 0 0 0 0 0 0 0 0 0 0 0 0 0 0.125 0.0625 0 0.03125 0.015625 0 0 0 0 0.25 0 0 0 0 0.0078125 0.00390625
68 0 0 0 0 0 0 0 0 0 0 0 0 0 0 0 0.5 0 0 0 0 0 0 0 0 0 0 0 0 0 0 0 0 0 0 0 0 0 0 0 0 0 0 0 0 0 0 0 0 0 0 0 0 0 0 0 0 0 0 0 0 0 0 0 0 0 0 0 0 0.03125 0 0.015625 0 0.0078125 0.00390625 0 0 0 0 0 0 0.25 0.125 0.0625 0.001953125 0.0009765625
70 0 0 0 0 0 0 0 0 0 0 0 0 0 0 0 0 0.5 0 0 0 0 0 0 0 0 0 0 0 0 0 0 0 0 0 0 0 0 0 0 0 0 0 0 0 0 0 0 0 0 0 0 0 0 0 0 0 0 0 0 0 0 0 0 0 0 0 0 0 0.0625 0 0.03125 0 0.015625 0.0078125 0 0 0 0 0 0 0 0.25 0.125 0.00390625 0.001953125
72 0 0 0 0 0 0 0 0 0 0 0 0 0 0 0 0 0 0.5 0 0 0 0 0 0 0 0 0 0 0 0 0 0 0 0 0 0 0 0 0 0 0 0 0 0 0 0 0 0 0 0 0 0 0 0 0 0 0 0 0 0 0 0 0 0 0 0 0 0 0.125 0 0.0625 0 0.03125 0.015625 0 0 0 0 0 0 0 0 0.25 0.0078125 0.00390625
1 0 0 0 0 0 0 0 0 0 0 0 0 0 0 0 0 0 0 0.5 0 0 0 0 0 0 0 0 0 0 0 0 0 0 0 0 0 0 0 0.25 0.125 0.125 0.125 0.0625 0.0625 0.0625 0 0 0.0625 0.0625 0.03125 0.015625 0.0078125 0.00390625 0.001953125 0.0009765625 0.03125 0.015625 0.0078125 0.00390625 0.001953125 0.0009765625 0.00048828125 0.000244140625 0.03125 0.015625 0.0078125 0.00390625 0.001953125 0.0029296875 0.00146484375 0.002197265625 0.0001220703125 0.00115966796875 0.000579833984375 0.03125 0.015625 0.0078125 0.00390625 0.001953125 0.03125 0.015625 0.0078125 0.00390625 0.0002899169921875 0.00014495849609375
4 0 0 0 0 0 0 0 0 0 0 0 0 0 0 0 0 0 0 0 0.5 0 0 0 0 0 0 0 0 0 0 0 0 0 0 0 0 0 0 0 0.25 0.25 0.25 0.125 0.125 0.125 0 0 0.125 0.125 0.0625 0.03125 0.015625 0.0078125 0.00390625 0.001953125 0.0625 0.03125 0.015625 0.0078125 0.00390625 0.001953125 0.0009765625 0.00048828125 0.0625 0.03125 0.015625 0.0078125 0.00390625 0.005859375 0.0029296875 0.00439453125 0.000244140625 0.0023193359375 0.00115966796875 0.0625 0.03125 0.015625 0.0078125 0.00390625 0.0625 0.03125 0.015625 0.0078125 0.000579833984375 0.0002899169921875
6 0 0 0 0 0 0 0 0 0 0 0 0 0 0 0 0 0 0 0 0 0.5 0 0 0 0 0 0 0 0 0 0 0 0 0 0 0 0 0 0 0 0 0 0.25 0.25 0.25 0 0 0 0 0 0 0 0 0 0 0 0 0 0 0 0 0 0 0.125 0.0625 0.03125 0.015625 0.0078125 0.01171875 0.00390625 0.0078125 0 0.00390625 0.001953125 0.125 0.0625 0.03125 0.015625 0.0078125 0.125 0.0625 0.03125 0.015625 0.0009765625 0.00048828125
99 0 0 0 0 0 0 0 0 0 0 0 0 0 0 0 0 0 0 0 0 0 0.5 0 0 0 0 0 0 0 0 0 0 0 0 0 0 0 0 0 0 0 0 0 0 0 0.25 0.25 0 0 0 0 0 0 0 0 0 0 0 0 0 0 0 0 0 0 0 0 0 0.0078125 0.00390625 0.005859375 0 0.0029296875 0.00146484375 0.125 0.0625 0.03125 0.015625 0.0078125 0.125 0.0625 0.03125 0.015625 0.000732421875 0.0003662109375
28 0 0 0 0 0 0 0 0 0 0 0 0 0 0 0 0 0 0 0 0 0 0 0.5 0 0 0 0 0 0 0 0 0 0 0 0 0 0 0 0 0 0 0 0 0 0 0 0 0 0 0 0 0 0 0.25 0.125 0 0 0 0 0 0 0 0 0 0 0 0 0 0 0.0625 0.03125 0 0.015625 0.0078125 0 0 0 0 0 0 0 0 0 0.00390625 0.001953125
30 0 0 0 0 0 0 0 0 0 0 0 0 0 0 0 0 0 0 0 0 0 0 0 0.5 0 0 0 0 0 0 0 0 0 0 0 0 0 0 0 0 0 0 0 0 0 0 0 0 0 0 0 0 0 0 0.25 0 0 0 0 0 0 0 0 0 0 0 0 0 0 0.125 0.0625 0 0.03125 0.015625 0 0 0 0 0 0 0 0 0 0.0078125 0.00390625
36 0 0 0 0 0 0 0 0 0 0 0 0 0 0 0 0 0 0 0 0 0 0 0 0 0.5 0 0 0 0 0 0 0 0 0 0 0 0 0 0 0 0 0 0 0 0 0 0 0 0 0 0 0 0 0 0 0 0 0.25 0.125 0.0625 0.03125 0.015625 0.0078125 0 0 0 0 0 0 0 0 0.00390625 0.001953125 0.0009765625 0 0 0 0 0 0 0 0 0 0.00048828125 0.000244140625
38 0 0 0 0 0 0 0 0 0 0 0 0 0 0 0 0 0 0 0 0 0 0 0 0 0 0.5 0 0 0 0 0 0 0 0 0 0 0 0 0 0 0 0 0 0 0 0 0 0 0 0 0 0 0 0 0 0 0 0 0.25 0.125 0.0625 0.03125 0.015625 0 0 0 0 0 0 0 0 0.0078125 0.00390625 0.001953125 0 0 0 0 0 0 0 0 0 0.0009765625 0.00048828125
40 0 0 0 0 0 0 0 0 0 0 0 0 0 0 0 0 0 0 0 0 0 0 0 0 0 0 0.5 0 0 0 0 0 0 0 0 0 0 0 0 0 0 0 0 0 0 0 0 0 0 0 0 0 0 0 0 0 0 0 0 0.25 0.125 0.0625 0.03125 0 0 0 0 0 0 0 0 0.015625 0.0078125 0.00390625 0 0 0 0 0 0 0 0 0 0.001953125 0.0009765625
42 0 0 0 0 0 0 0 0 0 0 0 0 0 0 0 0 0 0 0 0 0 0 0 0 0 0 0 0.5 0 0 0 0 0 0 0 0 0 0 0 0 0 0 0 0 0 0 0 0 0 0 0 0 0 0 0 0 0 0 0 0 0.25 0.125 0.0625 0 0 0 0 0 0 0 0 0.03125 0.015625 0.0078125 0 0 0 0 0 0 0 0 0 0.00390625 0.001953125
44 0 0 0 0 0 0 0 0 0 0 0 0 0 0 0 0 0 0 0 0 0 0 0 0 0 0 0 0 0.5 0 0 0 0 0 0 0 0 0 0 0 0 0 0 0 0 0 0 0 0 0 0 0 0 0 0 0 0 0 0 0 0 0.25 0.125 0 0 0 0 0 0 0 0 0.0625 0.03125 0.015625 0 0 0 0 0 0 0 0 0 0.0078125 0.00390625
46 0 0 0 0 0 0 0 0 0 0 0 0 0 0 0 0 0 0 0 0 0 0 0 0 0 0 0 0 0 0.5 0 0 0 0 0 0 0 0 0 0 0 0 0 0 0 0 0 0 0 0 0 0 0 0 0 0 0 0 0 0 0 0 0.25 0 0 0 0 0 0 0 0 0.125 0.0625 0.03125 0 0 0 0 0 0 0 0 0 0.015625 0.0078125
52 0 0 0 0 0 0 0 0 0 0 0 0 0 0 0 0 0 0 0 0 0 0 0 0 0 0 0 0 0 0 0.5 0 0 0 0 0 0 0 0 0 0 0 0 0 0 0 0 0 0 0 0 0 0 0 0 0 0 0 0 0 0 0 0 0 0 0.25 0.125 0.0625 0.03125 0 0.015625 0 0.0078125 0.00390625 0 0 0 0 0 0 0 0 0 0.001953125 0.0009765625
54 0 0 0 0 0 0 0 0 0 0 0 0 0 0 0 0 0 0 0 0 0 0 0 0 0 0 0 0 0 0 0 0.5 0 0 0 0 0 0 0 0 0 0 0 0 0 0 0 0 0 0 0 0 0 0 0 0 0 0 0 0 0 0 0 0 0 0 0.25 0.125 0.0625 0 0.03125 0 0.015625 0.0078125 0 0 0 0 0 0 0 0 0 0.00390625 0.001953125
48 0 0 0 0 0 0 0 0 0 0 0 0 0 0 0 0 0 0 0 0 0 0 0 0 0 0 0 0 0 0 0 0 0.5 0 0 0 0 0 0 0 0 0 0 0 0 0 0 0 0 0 0 0 0 0 0 0 0 0 0 0 0 0 0 0 0 0 0 0 0 0 0 0.25 0.125 0.0625 0 0 0 0 0 0 0 0 0 0.03125 0.015625
78 0 0 0 0 0 0 0 0 0 0 0 0 0 0 0 0 0 0 0 0 0 0 0 0 0 0 0 0 0 0 0 0 0 0.5 0 0 0 0 0 0 0 0 0 0 0 0 0 0 0 0 0 0 0 0 0 0 0 0 0 0 0 0 0 0 0 0 0 0 0 0 0 0 0 0.25 0 0 0 0 0 0 0 0 0 0.125 0.0625
60 0 0 0 0 0 0 0 0 0 0 0 0 0 0 0 0 0 0 0 0 0 0 0 0 0 0 0 0 0 0 0 0 0 0 0.5 0 0 0 0 0 0 0 0 0 0 0 0 0 0 0 0 0 0 0 0 0 0 0 0 0 0 0 0 0 0 0 0 0 0 0.015625 0.0078125 0 0.00390625 0.001953125 0 0.25 0.125 0.0625 0.03125 0 0 0 0 0.0009765625 0.00048828125
62 0 0 0 0 0 0 0 0 0 0 0 0 0 0 0 0 0 0 0 0 0 0 0 0 0 0 0 0 0 0 0 0 0 0 0 0.5 0 0 0 0 0 0 0 0 0 0 0 0 0 0 0 0 0 0 0 0 0 0 0 0 0 0 0 0 0 0 0 0 0 0.03125 0.015625 0 0.0078125 0.00390625 0 0 0.25 0.125 0.0625 0 0 0 0 0.001953125 0.0009765625
80 0 0 0 0 0 0 0 0 0 0 0 0 0 0 0 0 0 0 0 0 0 0 0 0 0 0 0 0 0 0 0 0 0 0 0 0 0.5 0 0 0 0 0 0 0 0 0 0 0 0 0 0 0 0 0 0 0 0 0 0 0 0 0 0 0 0 0 0 0 0 0 0 0 0 0 0 0 0 0 0 0 0 0 0 0.25 0.125
82 0 0 0 0 0 0 0 0 0 0 0 0 0 0 0 0 0 0 0 0 0 0 0 0 0 0 0 0 0 0 0 0 0 0 0 0 0 0.5 0 0 0 0 0 0 0 0 0 0 0 0 0 0 0 0 0 0 0 0 0 0 0 0 0 0 0 0 0 0 0 0 0 0 0 0 0 0 0 0 0 0 0 0 0 0 0.25
3 0.25 0 0 0 0 0 0 0 0 0 0 0 0 0 0 0 0 0 0.25 0 0 0 0 0 0 0 0 0 0 0 0 0 0 0 0 0 0 0 0.5 0.25 0.25 0.25 0.125 0.125 0.125 0 0 0.125 0.125 0.0625 0.03125 0.015625 0.0078125 0.00390625 0.001953125 0.0625 0.03125 0.015625 0.0078125 0.00390625 0.001953125 0.0009765625 0.00048828125 0.0625 0.03125 0.015625 0.0078125 0.00390625 0.005859375 0.0029296875 0.00439453125 0.000244140625 0.0023193359375 0.00115966796875 0.0625 0.03125 0.015625 0.0078125 0.00390625 0.0625 0.03125 0.015625 0.0078125 0.000579833984375 0.0002899169921875
5 0.125 0 0 0 0 0 0 0 0 0 0 0 0 0 0 0 0 0 0.125 0.25 0 0 0 0 0 0 0 0 0 0 0 0 0 0 0 0 0 0 0.25 0.5 0.25 0.25 0.25 0.25 0.25 0 0 0.125 0.125 0.0625 0.03125 0.015625 0.0078125 0.00390625 0.001953125 0.0625 0.03125 0.015625 0.0078125 0.00390625 0.001953125 0.0009765625 0.00048828125 0.125 0.0625 0.03125 0.015625 0.0078125 0.01171875 0.0048828125 0.00830078125 0.000244140625 0.0042724609375 0.00213623046875 0.125 0.0625 0.03125 0.015625 0.0078125 0.125 0.0625 0.03125 0.015625 0.001068115234375 0.0005340576171875
7 0.125 0 0 0 0 0 0 0 0 0 0 0 0 0 0 0 0 0 0.125 0.25 0 0 0 0 0 0 0 0 0 0 0 0 0 0 0 0 0 0 0.25 0.25 0.5 0.25 0.125 0.125 0.125 0 0 0.25 0.125 0.0625 0.03125 0.015625 0.0078125 0.00390625 0.001953125 0.125 0.0625 0.03125 0.015625 0.0078125 0.00390625 0.001953125 0.0009765625 0.0625 0.03125 0.015625 0.0078125 0.00390625 0.005859375 0.0029296875 0.00439453125 0.00048828125 0.00244140625 0.001220703125 0.0625 0.03125 0.015625 0.0078125 0.00390625 0.0625 0.03125 0.015625 0.0078125 0.0006103515625 0.00030517578125
9 0.125 0 0 0 0 0 0 0 0 0 0 0 0 0 0 0 0 0 0.125 0.25 0 0 0 0 0 0 0 0 0 0 0 0 0 0 0 0 0 0 0.25 0.25 0.25 0.5 0.125 0.125 0.125 0 0 0.125 0.25 0.125 0.0625 0.03125 0.015625 0.0078125 0.00390625 0.0625 0.03125 0.015625 0.0078125 0.00390625 0.001953125 0.0009765625 0.00048828125 0.0625 0.03125 0.015625 0.0078125 0.00390625 0.005859375 0.00390625 0.0048828125 0.000244140625 0.0025634765625 0.00128173828125 0.0625 0.03125 0.015625 0.0078125 0.00390625 0.0625 0.03125 0.015625 0.0078125 0.000640869140625 0.0003204345703125
11 0.0625 0 0 0 0 0 0 0 0 0 0 0 0 0 0 0 0 0 0.0625 0.125 0.25 0 0 0 0 0 0 0 0 0 0 0 0 0 0 0 0 0 0.125 0.25 0.125 0.125 0.5 0.25 0.25 0 0 0.0625 0.0625 0.03125 0.015625 0.0078125 0.00390625 0.001953125 0.0009765625 0.03125 0.015625 0.0078125 0.00390625 0.001953125 0.0009765625 0.00048828125 0.000244140625 0.25 0.125 0.0625 0.03125 0.015625 0.015625 0.00439453125 0.010009765625 0.0001220703125 0.00506591796875 0.002532958984375 0.125 0.0625 0.03125 0.015625 0.0078125 0.125 0.0625 0.03125 0.015625 0.0012664794921875 0.00063323974609375
13 0.0625 0 0 0 0 0 0 0 0 0 0 0 0 0 0 0 0 0 0.0625 0.125 0.25 0 0 0 0 0 0 0 0 0 0 0 0 0 0 0 0 0 0.125 0.25 0.125 0.125 0.25 0.5 0.25 0 0 0.0625 0.0625 0.03125 0.015625 0.0078125 0.00390625 0.001953125 0.0009765625 0.03125 0.015625 0.0078125 0.00390625 0.001953125 0.0009765625 0.00048828125 0.000244140625 0.125 0.0625 0.03125 0.015625 0.0078125 0.01171875 0.00830078125 0.010009765625 0.0001220703125 0.00506591796875 0.002532958984375 0.25 0.125 0.0625 0.03125 0.015625 0.125 0.0625 0.03125 0.015625 0.0012664794921875 0.00063323974609375
15 0.0625 0 0 0 0 0 0 0 0 0 0 0 0 0 0 0 0 0 0.0625 0.125 0.25 0 0 0 0 0 0 0 0 0 0 0 0 0 0 0 0 0 0.125 0.25 0.125 0.125 0.25 0.25 0.5 0 0 0.0625 0.0625 0.03125 0.015625 0.0078125 0.00390625 0.001953125 0.0009765625 0.03125 0.015625 0.0078125 0.00390625 0.001953125 0.0009765625 0.00048828125 0.000244140625 0.125 0.0625 0.03125 0.015625 0.0078125 0.01953125 0.00439453125 0.011962890625 0.0001220703125 0.00604248046875 0.003021240234375 0.125 0.0625 0.03125 0.015625 0.0078125 0.25 0.125 0.0625 0.03125 0.0015106201171875 0.00075531005859375
14 0 0.25 0 0 0 0 0 0 0 0 0 0 0 0 0 0 0 0 0 0 0 0.25 0 0 0 0 0 0 0 0 0 0 0 0 0 0 0 0 0 0 0 0 0 0 0 0.5 0.25 0 0 0 0 0 0 0 0 0 0 0 0 0 0 0 0 0 0 0 0 0 0.0078125 0.0078125 0.0078125 0 0.00390625 0.001953125 0.25 0.125 0.0625 0.03125 0.015625 0.125 0.0625 0.03125 0.015625 0.0009765625 0.00048828125
16 0 0.25 0 0 0 0 0 0 0 0 0 0 0 0 0 0 0 0 0 0 0 0.25 0 0 0 0 0 0 0 0 0 0 0 0 0 0 0 0 0 0 0 0 0 0 0 0.25 0.5 0 0 0 0 0 0 0 0 0 0 0 0 0 0 0 0 0 0 0 0 0 0.015625 0.00390625 0.009765625 0 0.0048828125 0.00244140625 0.125 0.0625 0.03125 0.015625 0.0078125 0.25 0.125 0.0625 0.03125 0.001220703125 0.0006103515625
17 0.0625 0 0.25 0 0 0 0 0 0 0 0 0 0 0 0 0 0 0 0.0625 0.125 0 0 0 0 0 0 0 0 0 0 0 0 0 0 0 0 0 0 0.125 0.125 0.25 0.125 0.0625 0.0625 0.0625 0 0 0.5 0.0625 0.03125 0.015625 0.0078125 0.00390625 0.001953125 0.0009765625 0.25 0.125 0.0625 0.03125 0.015625 0.0078125 0.00390625 0.001953125 0.03125 0.015625 0.0078125 0.00390625 0.001953125 0.0029296875 0.00146484375 0.002197265625 0.0009765625 0.0015869140625 0.00079345703125 0.03125 0.015625 0.0078125 0.00390625 0.001953125 0.03125 0.015625 0.0078125 0.00390625 0.000396728515625 0.0001983642578125
19 0.0625 0 0 0.25 0 0 0 0 0 0 0 0 0 0 0 0 0 0 0.0625 0.125 0 0 0 0 0 0 0 0 0 0 0 0 0 0 0 0 0 0 0.125 0.125 0.125 0.25 0.0625 0.0625 0.0625 0 0 0.0625 0.5 0.25 0.125 0.0625 0.03125 0.015625 0.0078125 0.03125 0.015625 0.0078125 0.00390625 0.001953125 0.0009765625 0.00048828125 0.000244140625 0.03125 0.015625 0.0078125 0.00390625 0.001953125 0.0029296875 0.0048828125 0.00390625 0.0001220703125 0.00201416015625 0.001007080078125 0.03125 0.015625 0.0078125 0.00390625 0.001953125 0.03125 0.015625 0.0078125 0.00390625 0.0005035400390625 0.00025177001953125
21 0.03125 0 0 0.125 0.25 0 0 0 0 0 0 0 0 0 0 0 0 0 0.03125 0.0625 0 0 0 0 0 0 0 0 0 0 0 0 0 0 0 0 0 0 0.0625 0.0625 0.0625 0.125 0.03125 0.03125 0.03125 0 0 0.03125 0.25 0.5 0.25 0.125 0.0625 0.03125 0.015625 0.015625 0.0078125 0.00390625 0.001953125 0.0009765625 0.00048828125 0.000244140625 0.0001220703125 0.015625 0.0078125 0.00390625 0.001953125 0.0009765625 0.00146484375 0.00830078125 0.0048828125 6.103515625e-05 0.002471923828125 0.0012359619140625 0.015625 0.0078125 0.00390625 0.001953125 0.0009765625 0.015625 0.0078125 0.00390625 0.001953125 0.00061798095703125 0.000308990478515625
23 0.015625 0 0 0.0625 0.125 0.25 0 0 0 0 0 0 0 0 0 0 0 0 0.015625 0.03125 0 0 0 0 0 0 0 0 0 0 0 0 0 0 0 0 0 0 0.03125 0.03125 0.03125 0.0625 0.015625 0.015625 0.015625 0 0 0.015625 0.125 0.25 0.5 0.25 0.125 0.0625 0.03125 0.0078125 0.00390625 0.001953125 0.0009765625 0.00048828125 0.000244140625 0.0001220703125 6.103515625e-05 0.0078125 0.00390625 0.001953125 0.0009765625 0.00048828125 0.000732421875 0.015869140625 0.00830078125 3.0517578125e-05 0.0041656494140625 0.00208282470703125 0.0078125 0.00390625 0.001953125 0.0009765625 0.00048828125 0.0078125 0.00390625 0.001953125 0.0009765625 0.00104141235351562 0.000520706176757812
25 0.0078125 0 0 0.03125 0.0625 0.125 0.25 0 0 0 0 0 0 0 0 0 0 0 0.0078125 0.015625 0 0 0 0 0 0 0 0 0 0 0 0 0 0 0 0 0 0 0.015625 0.015625 0.015625 0.03125 0.0078125 0.0078125 0.0078125 0 0 0.0078125 0.0625 0.125 0.25 0.5 0.25 0.125 0.0625 0.00390625 0.001953125 0.0009765625 0.00048828125 0.000244140625 0.0001220703125 6.103515625e-05 3.0517578125e-05 0.00390625 0.001953125 0.0009765625 0.00048828125 0.000244140625 0.0003662109375 0.0313720703125 0.015869140625 1.52587890625e-05 0.00794219970703125 0.00397109985351562 0.00390625 0.001953125 0.0009765625 0.00048828125 0.000244140625 0.00390625 0.001953125 0.0009765625 0.00048828125 0.00198554992675781 0.000992774963378906
27 0.00390625 0 0 0.015625 0.03125 0.0625 0.125 0.25 0 0 0 0 0 0 0 0 0 0 0.00390625 0.0078125 0 0 0 0 0 0 0 0 0 0 0 0 0 0 0 0 0 0 0.0078125 0.0078125 0.0078125 0.015625 0.00390625 0.00390625 0.00390625 0 0 0.00390625 0.03125 0.0625 0.125 0.25 0.5 0.25 0.125 0.001953125 0.0009765625 0.00048828125 0.000244140625 0.0001220703125 6.103515625e-05 3.0517578125e-05 1.52587890625e-05 0.001953125 0.0009765625 0.00048828125 0.000244140625 0.0001220703125 0.00018310546875 0.06256103515625 0.0313720703125 7.62939453125e-06 0.0156898498535156 0.00784492492675781 0.001953125 0.0009765625 0.00048828125 0.000244140625 0.0001220703125 0.001953125 0.0009765625 0.00048828125 0.000244140625 0.00392246246337891 0.00196123123168945
29 0.001953125 0 0 0.0078125 0.015625 0.03125 0.0625 0.125 0 0 0 0 0 0 0 0 0 0 0.001953125 0.00390625 0 0 0.25 0 0 0 0 0 0 0 0 0 0 0 0 0 0 0 0.00390625 0.00390625 0.00390625 0.0078125 0.001953125 0.001953125 0.001953125 0 0 0.001953125 0.015625 0.03125 0.0625 0.125 0.25 0.5 0.25 0.0009765625 0.00048828125 0.000244140625 0.0001220703125 6.103515625e-05 3.0517578125e-05 1.52587890625e-05 7.62939453125e-06 0.0009765625 0.00048828125 0.000244140625 0.0001220703125 6.103515625e-05 9.1552734375e-05 0.125030517578125 0.06256103515625 3.814697265625e-06 0.0312824249267578 0.0156412124633789 0.0009765625 0.00048828125 0.000244140625 0.0001220703125 6.103515625e-05 0.0009765625 0.00048828125 0.000244140625 0.0001220703125 0.00782060623168945 0.00391030311584473
31 0.0009765625 0 0 0.00390625 0.0078125 0.015625 0.03125 0.0625 0 0 0 0 0 0 0 0 0 0 0.0009765625 0.001953125 0 0 0.125 0.25 0 0 0 0 0 0 0 0 0 0 0 0 0 0 0.001953125 0.001953125 0.001953125 0.00390625 0.0009765625 0.0009765625 0.0009765625 0 0 0.0009765625 0.0078125 0.015625 0.03125 0.0625 0.125 0.25 0.5 0.00048828125 0.000244140625 0.0001220703125 6.103515625e-05 3.0517578125e-05 1.52587890625e-05 7.62939453125e-06 3.814697265625e-06 0.00048828125 0.000244140625 0.0001220703125 6.103515625e-05 3.0517578125e-05 4.57763671875e-05 0.250015258789062 0.125030517578125 1.9073486328125e-06 0.0625162124633789 0.0312581062316895 0.00048828125 0.000244140625 0.0001220703125 6.103515625e-05 3.0517578125e-05 0.00048828125 0.000244140625 0.0001220703125 6.103515625e-05 0.0156290531158447 0.00781452655792236
33 0.03125 0 0.125 0 0 0 0 0 0.25 0 0 0 0 0 0 0 0 0 0.03125 0.0625 0 0 0 0 0 0 0 0 0 0 0 0 0 0 0 0 0 0 0.0625 0.0625 0.125 0.0625 0.03125 0.03125 0.03125 0 0 0.25 0.03125 0.015625 0.0078125 0.00390625 0.001953125 0.0009765625 0.00048828125 0.5 0.25 0.125 0.0625 0.03125 0.015625 0.0078125 0.00390625 0.015625 0.0078125 0.00390625 0.001953125 0.0009765625 0.00146484375 0.000732421875 0.0010986328125 0.001953125 0.00152587890625 0.000762939453125 0.015625 0.0078125 0.00390625 0.001953125 0.0009765625 0.015625 0.0078125 0.00390625 0.001953125 0.0003814697265625 0.00019073486328125
35 0.015625 0 0.0625 0 0 0 0 0 0.125 0.25 0 0 0 0 0 0 0 0 0.015625 0.03125 0 0 0 0 0 0 0 0 0 0 0 0 0 0 0 0 0 0 0.03125 0.03125 0.0625 0.03125 0.015625 0.015625 0.015625 0 0 0.125 0.015625 0.0078125 0.00390625 0.001953125 0.0009765625 0.00048828125 0.000244140625 0.25 0.5 0.25 0.125 0.0625 0.03125 0.015625 0.0078125 0.0078125 0.00390625 0.001953125 0.0009765625 0.00048828125 0.000732421875 0.0003662109375 0.00054931640625 0.00390625 0.002227783203125 0.0011138916015625 0.0078125 0.00390625 0.001953125 0.0009765625 0.00048828125 0.0078125 0.00390625 0.001953125 0.0009765625 0.00055694580078125 0.000278472900390625
37 0.0078125 0 0.03125 0 0 0 0 0 0.0625 0.125 0 0 0 0 0 0 0 0 0.0078125 0.015625 0 0 0 0 0.25 0 0 0 0 0 0 0 0 0 0 0 0 0 0.015625 0.015625 0.03125 0.015625 0.0078125 0.0078125 0.0078125 0 0 0.0625 0.0078125 0.00390625 0.001953125 0.0009765625 0.00048828125 0.000244140625 0.0001220703125 0.125 0.25 0.5 0.25 0.125 0.0625 0.03125 0.015625 0.00390625 0.001953125 0.0009765625 0.00048828125 0.000244140625 0.0003662109375 0.00018310546875 0.000274658203125 0.0078125 0.0040435791015625 0.00202178955078125 0.00390625 0.001953125 0.0009765625 0.00048828125 0.000244140625 0.00390625 0.001953125 0.0009765625 0.00048828125 0.00101089477539062 0.000505447387695312
39 0.00390625 0 0.015625 0 0 0 0 0 0.03125 0.0625 0 0 0 0 0 0 0 0 0.00390625 0.0078125 0 0 0 0 0.125 0.25 0 0 0 0 0 0 0 0 0 0 0 0 0.0078125 0.0078125 0.015625 0.0078125 0.00390625 0.00390625 0.00390625 0 0 0.03125 0.00390625 0.001953125 0.0009765625 0.00048828125 0.000244140625 0.0001220703125 6.103515625e-05 0.0625 0.125 0.25 0.5 0.25 0.125 0.0625 0.03125 0.001953125 0.0009765625 0.00048828125 0.000244140625 0.0001220703125 0.00018310546875 9.1552734375e-05 0.0001373291015625 0.015625 0.00788116455078125 0.00394058227539062 0.001953125 0.0009765625 0.00048828125 0.000244140625 0.0001220703125 0.001953125 0.0009765625 0.00048828125 0.000244140625 0.00197029113769531 0.000985145568847656
41 0.001953125 0 0.0078125 0 0 0 0 0 0.015625 0.03125 0 0 0 0 0 0 0 0 0.001953125 0.00390625 0 0 0 0 0.0625 0.125 0.25 0 0 0 0 0 0 0 0 0 0 0 0.00390625 0.00390625 0.0078125 0.00390625 0.001953125 0.001953125 0.001953125 0 0 0.015625 0.001953125 0.0009765625 0.00048828125 0.000244140625 0.0001220703125 6.103515625e-05 3.0517578125e-05 0.03125 0.0625 0.125 0.25 0.5 0.25 0.125 0.0625 0.0009765625 0.00048828125 0.000244140625 0.0001220703125 6.103515625e-05 9.1552734375e-05 4.57763671875e-05 6.866455078125e-05 0.03125 0.0156593322753906 0.00782966613769531 0.0009765625 0.00048828125 0.000244140625 0.0001220703125 6.103515625e-05 0.0009765625 0.00048828125 0.000244140625 0.0001220703125 0.00391483306884766 0.00195741653442383
43 0.0009765625 0 0.00390625 0 0 0 0 0 0.0078125 0.015625 0 0 0 0 0 0 0 0 0.0009765625 0.001953125 0 0 0 0 0.03125 0.0625 0.125 0.25 0 0 0 0 0 0 0 0 0 0 0.001953125 0.001953125 0.00390625 0.001953125 0.0009765625 0.0009765625 0.0009765625 0 0 0.0078125 0.0009765625 0.00048828125 0.000244140625 0.0001220703125 6.103515625e-05 3.0517578125e-05 1.52587890625e-05 0.015625 0.03125 0.0625 0.125 0.25 0.5 0.25 0.125 0.00048828125 0.000244140625 0.0001220703125 6.103515625e-05 3.0517578125e-05 4.57763671875e-05 2.288818359375e-05 3.4332275390625e-05 0.0625 0.0312671661376953 0.0156335830688477 0.00048828125 0.000244140625 0.0001220703125 6.103515625e-05 3.0517578125e-05 0.00048828125 0.000244140625 0.0001220703125 6.103515625e-05 0.00781679153442383 0.00390839576721191
45 0.00048828125 0 0.001953125 0 0 0 0 0 0.00390625 0.0078125 0 0 0 0 0 0 0 0 0.00048828125 0.0009765625 0 0 0 0 0.015625 0.03125 0.0625 0.125 0.25 0 0 0 0 0 0 0 0 0 0.0009765625 0.0009765625 0.001953125 0.0009765625 0.00048828125 0.00048828125 0.00048828125 0 0 0.00390625 0.00048828125 0.000244140625 0.0001220703125 6.103515625e-05 3.0517578125e-05 1.52587890625e-05 7.62939453125e-06 0.0078125 0.015625 0.03125 0.0625 0.125 0.25 0.5 0.25 0.000244140625 0.0001220703125 6.103515625e-05 3.0517578125e-05 1.52587890625e-05 2.288818359375e-05 1.1444091796875e-05 1.71661376953125e-05 0.125 0.0625085830688477 0.0312542915344238 0.000244140625 0.0001220703125 6.103515625e-05 3.0517578125e-05 1.52587890625e-05 0.000244140625 0.0001220703125 6.103515625e-05 3.0517578125e-05 0.0156271457672119 0.00781357288360596
47 0.000244140625 0 0.0009765625 0 0 0 0 0 0.001953125 0.00390625 0 0 0 0 0 0 0 0 0.000244140625 0.00048828125 0 0 0 0 0.0078125 0.015625 0.03125 0.0625 0.125 0.25 0 0 0 0 0 0 0 0 0.00048828125 0.00048828125 0.0009765625 0.00048828125 0.000244140625 0.000244140625 0.000244140625 0 0 0.001953125 0.000244140625 0.0001220703125 6.103515625e-05 3.0517578125e-05 1.52587890625e-05 7.62939453125e-06 3.814697265625e-06 0.00390625 0.0078125 0.015625 0.03125 0.0625 0.125 0.25 0.5 0.0001220703125 6.103515625e-05 3.0517578125e-05 1.52587890625e-05 7.62939453125e-06 1.1444091796875e-05 5.7220458984375e-06 8.58306884765625e-06 0.25 0.125004291534424 0.0625021457672119 0.0001220703125 6.103515625e-05 3.0517578125e-05 1.52587890625e-05 7.62939453125e-06 0.0001220703125 6.103515625e-05 3.0517578125e-05 1.52587890625e-05 0.031251072883606 0.015625536441803
49 0.03125 0 0 0 0 0 0 0 0 0 0.25 0 0 0 0 0 0 0 0.03125 0.0625 0.125 0 0 0 0 0 0 0 0 0 0 0 0 0 0 0 0 0 0.0625 0.125 0.0625 0.0625 0.25 0.125 0.125 0 0 0.03125 0.03125 0.015625 0.0078125 0.00390625 0.001953125 0.0009765625 0.00048828125 0.015625 0.0078125 0.00390625 0.001953125 0.0009765625 0.00048828125 0.000244140625 0.0001220703125 0.5 0.25 0.125 0.0625 0.03125 0.01953125 0.002197265625 0.0108642578125 6.103515625e-05 0.005462646484375 0.0027313232421875 0.0625 0.03125 0.015625 0.0078125 0.00390625 0.0625 0.03125 0.015625 0.0078125 0.00136566162109375 0.000682830810546875
51 0.015625 0 0 0 0 0 0 0 0 0 0.125 0.25 0 0 0 0 0 0 0.015625 0.03125 0.0625 0 0 0 0 0 0 0 0 0 0 0 0 0 0 0 0 0 0.03125 0.0625 0.03125 0.03125 0.125 0.0625 0.0625 0 0 0.015625 0.015625 0.0078125 0.00390625 0.001953125 0.0009765625 0.00048828125 0.000244140625 0.0078125 0.00390625 0.001953125 0.0009765625 0.00048828125 0.000244140625 0.0001220703125 6.103515625e-05 0.25 0.5 0.25 0.125 0.0625 0.033203125 0.0010986328125 0.01715087890625 3.0517578125e-05 0.0085906982421875 0.00429534912109375 0.03125 0.015625 0.0078125 0.00390625 0.001953125 0.03125 0.015625 0.0078125 0.00390625 0.00214767456054688 0.00107383728027344
53 0.0078125 0 0 0 0 0 0 0 0 0 0.0625 0.125 0 0 0 0 0 0 0.0078125 0.015625 0.03125 0 0 0 0 0 0 0 0 0 0.25 0 0 0 0 0 0 0 0.015625 0.03125 0.015625 0.015625 0.0625 0.03125 0.03125 0 0 0.0078125 0.0078125 0.00390625 0.001953125 0.0009765625 0.00048828125 0.000244140625 0.0001220703125 0.00390625 0.001953125 0.0009765625 0.00048828125 0.000244140625 0.0001220703125 6.103515625e-05 3.0517578125e-05 0.125 0.25 0.5 0.25 0.125 0.0634765625 0.00054931640625 0.032012939453125 1.52587890625e-05 0.0160140991210938 0.00800704956054688 0.015625 0.0078125 0.00390625 0.001953125 0.0009765625 0.015625 0.0078125 0.00390625 0.001953125 0.00400352478027344 0.00200176239013672
55 0.00390625 0 0 0 0 0 0 0 0 0 0.03125 0.0625 0 0 0 0 0 0 0.00390625 0.0078125 0.015625 0 0 0 0 0 0 0 0 0 0.125 0.25 0 0 0 0 0 0 0.0078125 0.015625 0.0078125 0.0078125 0.03125 0.015625 0.015625 0 0 0.00390625 0.00390625 0.001953125 0.0009765625 0.00048828125 0.000244140625 0.0001220703125 6.103515625e-05 0.001953125 0.0009765625 0.00048828125 0.000244140625 0.0001220703125 6.103515625e-05 3.0517578125e-05 1.52587890625e-05 0.0625 0.125 0.25 0.5 0.25 0.12548828125 0.000274658203125 0.0628814697265625 7.62939453125e-06 0.0314445495605469 0.0157222747802734 0.0078125 0.00390625 0.001953125 0.0009765625 0.00048828125 0.0078125 0.00390625 0.001953125 0.0009765625 0.00786113739013672 0.00393056869506836
57 0.001953125 0 0 0 0 0 0 0 0 0 0.015625 0.03125 0.25 0 0 0 0 0 0.001953125 0.00390625 0.0078125 0 0 0 0 0 0 0 0 0 0.0625 0.125 0 0 0 0 0 0 0.00390625 0.0078125 0.00390625 0.00390625 0.015625 0.0078125 0.0078125 0 0 0.001953125 0.001953125 0.0009765625 0.00048828125 0.000244140625 0.0001220703125 6.103515625e-05 3.0517578125e-05 0.0009765625 0.00048828125 0.000244140625 0.0001220703125 6.103515625e-05 3.0517578125e-05 1.52587890625e-05 7.62939453125e-06 0.03125 0.0625 0.125 0.25 0.5 0.250244140625 0.0001373291015625 0.125190734863281 3.814697265625e-06 0.0625972747802734 0.0312986373901367 0.00390625 0.001953125 0.0009765625 0.00048828125 0.000244140625 0.00390625 0.001953125 0.0009765625 0.00048828125 0.0156493186950684 0.00782465934753418
73 0.0029296875 0.0078125 0 0 0 0 0 0 0 0 0.0078125 0.015625 0.125 0 0 0.03125 0.0625 0.125 0.0029296875 0.005859375 0.01171875 0.0078125 0 0 0 0 0 0 0 0 0.03125 0.0625 0 0 0 0 0 0 0.005859375 0.01171875 0.005859375 0.005859375 0.015625 0.01171875 0.01953125 0.0078125 0.015625 0.0029296875 0.0029296875 0.00146484375 0.000732421875 0.0003662109375 0.00018310546875 9.1552734375e-05 4.57763671875e-05 0.00146484375 0.000732421875 0.0003662109375 0.00018310546875 9.1552734375e-05 4.57763671875e-05 2.288818359375e-05 1.1444091796875e-05 0.01953125 0.033203125 0.0634765625 0.12548828125 0.250244140625 0.500244140625 0.00032806396484375 0.250286102294922 5.7220458984375e-06 0.12514591217041 0.0625729560852051 0.009765625 0.0048828125 0.00244140625 0.001220703125 0.0006103515625 0.033203125 0.0634765625 0.12548828125 0.250244140625 0.0312864780426025 0.0156432390213013
74 0.00146484375 0.00390625 0 0.001953125 0.00390625 0.0078125 0.015625 0.03125 0 0 0 0 0 0.0625 0.125 0 0 0 0.00146484375 0.0029296875 0.00390625 0.00390625 0.0625 0.125 0 0 0 0 0 0 0 0 0 0 0.015625 0.03125 0 0 0.0029296875 0.0048828125 0.0029296875 0.00390625 0.00439453125 0.00830078125 0.00439453125 0.0078125 0.00390625 0.00146484375 0.0048828125 0.00830078125 0.015869140625 0.0313720703125 0.06256103515625 0.125030517578125 0.250015258789062 0.000732421875 0.0003662109375 0.00018310546875 9.1552734375e-05 4.57763671875e-05 2.288818359375e-05 1.1444091796875e-05 5.7220458984375e-06 0.002197265625 0.0010986328125 0.00054931640625 0.000274658203125 0.0001373291015625 0.00032806396484375 0.500015258789062 0.250171661376953 2.86102294921875e-06 0.125087261199951 0.0625436305999756 0.015869140625 0.0313720703125 0.06256103515625 0.125030517578125 0.250015258789062 0.004150390625 0.0020751953125 0.00103759765625 0.000518798828125 0.0312718152999878 0.0156359076499939
75 0.002197265625 0.005859375 0 0.0009765625 0.001953125 0.00390625 0.0078125 0.015625 0 0 0.00390625 0.0078125 0.0625 0.03125 0.0625 0.015625 0.03125 0.0625 0.002197265625 0.00439453125 0.0078125 0.005859375 0.03125 0.0625 0 0 0 0 0 0 0.015625 0.03125 0 0 0.0078125 0.015625 0 0 0.00439453125 0.00830078125 0.00439453125 0.0048828125 0.010009765625 0.010009765625 0.011962890625 0.0078125 0.009765625 0.002197265625 0.00390625 0.0048828125 0.00830078125 0.015869140625 0.0313720703125 0.06256103515625 0.125030517578125 0.0010986328125 0.00054931640625 0.000274658203125 0.0001373291015625 6.866455078125e-05 3.4332275390625e-05 1.71661376953125e-05 8.58306884765625e-06 0.0108642578125 0.01715087890625 0.032012939453125 0.0628814697265625 0.125190734863281 0.250286102294922 0.250171661376953 0.500164031982422 4.29153442382812e-06 0.250084161758423 0.125042080879211 0.0128173828125 0.01812744140625 0.032501220703125 0.0631256103515625 0.125312805175781 0.0186767578125 0.03277587890625 0.063262939453125 0.125381469726562 0.0625210404396057 0.0312605202198029
76 0.0001220703125 0 0.00048828125 0 0 0 0 0 0.0009765625 0.001953125 0 0 0 0 0 0 0 0 0.0001220703125 0.000244140625 0 0 0 0 0.00390625 0.0078125 0.015625 0.03125 0.0625 0.125 0 0 0.25 0 0 0 0 0 0.000244140625 0.000244140625 0.00048828125 0.000244140625 0.0001220703125 0.0001220703125 0.0001220703125 0 0 0.0009765625 0.0001220703125 6.103515625e-05 3.0517578125e-05 1.52587890625e-05 7.62939453125e-06 3.814697265625e-06 1.9073486328125e-06 0.001953125 0.00390625 0.0078125 0.015625 0.03125 0.0625 0.125 0.25 6.103515625e-05 3.0517578125e-05 1.52587890625e-05 7.62939453125e-06 3.814697265625e-06 5.7220458984375e-06 2.86102294921875e-06 4.29153442382812e-06 0.5 0.250002145767212 0.125001072883606 6.103515625e-05 3.0517578125e-05 1.52587890625e-05 7.62939453125e-06 3.814697265625e-06 6.103515625e-05 3.0517578125e-05 1.52587890625e-05 7.62939453125e-06 0.062500536441803 0.0312502682209015
77 0.00115966796875 0.0029296875 0.000244140625 0.00048828125 0.0009765625 0.001953125 0.00390625 0.0078125 0.00048828125 0.0009765625 0.001953125 0.00390625 0.03125 0.015625 0.03125 0.0078125 0.015625 0.03125 0.00115966796875 0.0023193359375 0.00390625 0.0029296875 0.015625 0.03125 0.001953125 0.00390625 0.0078125 0.015625 0.03125 0.0625 0.0078125 0.015625 0.125 0 0.00390625 0.0078125 0 0 0.0023193359375 0.0042724609375 0.00244140625 0.0025634765625 0.00506591796875 0.00506591796875 0.00604248046875 0.00390625 0.0048828125 0.0015869140625 0.00201416015625 0.002471923828125 0.0041656494140625 0.00794219970703125 0.0156898498535156 0.0312824249267578 0.0625162124633789 0.00152587890625 0.002227783203125 0.0040435791015625 0.00788116455078125 0.0156593322753906 0.0312671661376953 0.0625085830688477 0.125004291534424 0.005462646484375 0.0085906982421875 0.0160140991210938 0.0314445495605469 0.0625972747802734 0.12514591217041 0.125087261199951 0.250084161758423 0.250002145767212 0.500002145767212 0.250001072883606 0.006439208984375 0.0090789794921875 0.0162582397460938 0.0315666198730469 0.0626583099365234 0.009368896484375 0.0164031982421875 0.0316390991210938 0.0626945495605469 0.125000536441803 0.0625002682209015
79 0.000579833984375 0.00146484375 0.0001220703125 0.000244140625 0.00048828125 0.0009765625 0.001953125 0.00390625 0.000244140625 0.00048828125 0.0009765625 0.001953125 0.015625 0.0078125 0.015625 0.00390625 0.0078125 0.015625 0.000579833984375 0.00115966796875 0.001953125 0.00146484375 0.0078125 0.015625 0.0009765625 0.001953125 0.00390625 0.0078125 0.015625 0.03125 0.00390625 0.0078125 0.0625 0.25 0.001953125 0.00390625 0 0 0.00115966796875 0.00213623046875 0.001220703125 0.00128173828125 0.002532958984375 0.002532958984375 0.003021240234375 0.001953125 0.00244140625 0.00079345703125 0.001007080078125 0.0012359619140625 0.00208282470703125 0.00397109985351562 0.00784492492675781 0.0156412124633789 0.0312581062316895 0.000762939453125 0.0011138916015625 0.00202178955078125 0.00394058227539062 0.00782966613769531 0.0156335830688477 0.0312542915344238 0.0625021457672119 0.0027313232421875 0.00429534912109375 0.00800704956054688 0.0157222747802734 0.0312986373901367 0.0625729560852051 0.0625436305999756 0.125042080879211 0.125001072883606 0.250001072883606 0.5 0.0032196044921875 0.00453948974609375 0.00812911987304688 0.0157833099365234 0.0313291549682617 0.0046844482421875 0.00820159912109375 0.0158195495605469 0.0313472747802734 0.25 0.125
59 0.03125 0.125 0 0 0 0 0 0 0 0 0 0 0 0 0 0 0 0 0.03125 0.0625 0.125 0.125 0 0 0 0 0 0 0 0 0 0 0 0 0 0 0 0 0.0625 0.125 0.0625 0.0625 0.125 0.25 0.125 0.25 0.125 0.03125 0.03125 0.015625 0.0078125 0.00390625 0.001953125 0.0009765625 0.00048828125 0.015625 0.0078125 0.00390625 0.001953125 0.0009765625 0.00048828125 0.000244140625 0.0001220703125 0.0625 0.03125 0.015625 0.0078125 0.00390625 0.009765625 0.015869140625 0.0128173828125 6.103515625e-05 0.006439208984375 0.0032196044921875 0.5 0.25 0.125 0.0625 0.03125 0.125 0.0625 0.03125 0.015625 0.00160980224609375 0.000804901123046875
61 0.015625 0.0625 0 0 0 0 0 0 0 0 0 0 0 0 0 0 0 0 0.015625 0.03125 0.0625 0.0625 0 0 0 0 0 0 0 0 0 0 0 0 0.25 0 0 0 0.03125 0.0625 0.03125 0.03125 0.0625 0.125 0.0625 0.125 0.0625 0.015625 0.015625 0.0078125 0.00390625 0.001953125 0.0009765625 0.00048828125 0.000244140625 0.0078125 0.00390625 0.001953125 0.0009765625 0.00048828125 0.000244140625 0.0001220703125 6.103515625e-05 0.03125 0.015625 0.0078125 0.00390625 0.001953125 0.0048828125 0.0313720703125 0.01812744140625 3.0517578125e-05 0.0090789794921875 0.00453948974609375 0.25 0.5 0.25 0.125 0.0625 0.0625 0.03125 0.015625 0.0078125 0.00226974487304688 0.00113487243652344
63 0.0078125 0.03125 0 0 0 0 0 0 0 0 0 0 0 0 0 0 0 0 0.0078125 0.015625 0.03125 0.03125 0 0 0 0 0 0 0 0 0 0 0 0 0.125 0.25 0 0 0.015625 0.03125 0.015625 0.015625 0.03125 0.0625 0.03125 0.0625 0.03125 0.0078125 0.0078125 0.00390625 0.001953125 0.0009765625 0.00048828125 0.000244140625 0.0001220703125 0.00390625 0.001953125 0.0009765625 0.00048828125 0.000244140625 0.0001220703125 6.103515625e-05 3.0517578125e-05 0.015625 0.0078125 0.00390625 0.001953125 0.0009765625 0.00244140625 0.06256103515625 0.032501220703125 1.52587890625e-05 0.0162582397460938 0.00812911987304688 0.125 0.25 0.5 0.25 0.125 0.03125 0.015625 0.0078125 0.00390625 0.00406455993652344 0.00203227996826172
65 0.00390625 0.015625 0 0 0 0 0 0 0 0 0 0 0 0.25 0 0 0 0 0.00390625 0.0078125 0.015625 0.015625 0 0 0 0 0 0 0 0 0 0 0 0 0.0625 0.125 0 0 0.0078125 0.015625 0.0078125 0.0078125 0.015625 0.03125 0.015625 0.03125 0.015625 0.00390625 0.00390625 0.001953125 0.0009765625 0.00048828125 0.000244140625 0.0001220703125 6.103515625e-05 0.001953125 0.0009765625 0.00048828125 0.000244140625 0.0001220703125 6.103515625e-05 3.0517578125e-05 1.52587890625e-05 0.0078125 0.00390625 0.001953125 0.0009765625 0.00048828125 0.001220703125 0.125030517578125 0.0631256103515625 7.62939453125e-06 0.0315666198730469 0.0157833099365234 0.0625 0.125 0.25 0.5 0.25 0.015625 0.0078125 0.00390625 0.001953125 0.00789165496826172 0.00394582748413086
32 0.001953125 0.0078125 0 0 0 0 0 0 0 0 0 0 0 0.125 0.25 0 0 0 0.001953125 0.00390625 0.0078125 0.0078125 0 0 0 0 0 0 0 0 0 0 0 0 0.03125 0.0625 0 0 0.00390625 0.0078125 0.00390625 0.00390625 0.0078125 0.015625 0.0078125 0.015625 0.0078125 0.001953125 0.001953125 0.0009765625 0.00048828125 0.000244140625 0.0001220703125 6.103515625e-05 3.0517578125e-05 0.0009765625 0.00048828125 0.000244140625 0.0001220703125 6.103515625e-05 3.0517578125e-05 1.52587890625e-05 7.62939453125e-06 0.00390625 0.001953125 0.0009765625 0.00048828125 0.000244140625 0.0006103515625 0.250015258789062 0.125312805175781 3.814697265625e-06 0.0626583099365234 0.0313291549682617 0.03125 0.0625 0.125 0.25 0.5 0.0078125 0.00390625 0.001953125 0.0009765625 0.0156645774841309 0.00783228874206543
67 0.03125 0.125 0 0 0 0 0 0 0 0 0 0 0 0 0 0 0 0 0.03125 0.0625 0.125 0.125 0 0 0 0 0 0 0 0 0 0 0 0 0 0 0 0 0.0625 0.125 0.0625 0.0625 0.125 0.125 0.25 0.125 0.25 0.03125 0.03125 0.015625 0.0078125 0.00390625 0.001953125 0.0009765625 0.00048828125 0.015625 0.0078125 0.00390625 0.001953125 0.0009765625 0.00048828125 0.000244140625 0.0001220703125 0.0625 0.03125 0.015625 0.0078125 0.00390625 0.033203125 0.004150390625 0.0186767578125 6.103515625e-05 0.009368896484375 0.0046844482421875 0.125 0.0625 0.03125 0.015625 0.0078125 0.5 0.25 0.125 0.0625 0.00234222412109375 0.00117111206054688
69 0.015625 0.0625 0 0 0 0 0 0 0 0 0 0 0 0 0 0.25 0 0 0.015625 0.03125 0.0625 0.0625 0 0 0 0 0 0 0 0 0 0 0 0 0 0 0 0 0.03125 0.0625 0.03125 0.03125 0.0625 0.0625 0.125 0.0625 0.125 0.015625 0.015625 0.0078125 0.00390625 0.001953125 0.0009765625 0.00048828125 0.000244140625 0.0078125 0.00390625 0.001953125 0.0009765625 0.00048828125 0.000244140625 0.0001220703125 6.103515625e-05 0.03125 0.015625 0.0078125 0.00390625 0.001953125 0.0634765625 0.0020751953125 0.03277587890625 3.0517578125e-05 0.0164031982421875 0.00820159912109375 0.0625 0.03125 0.015625 0.0078125 0.00390625 0.25 0.5 0.25 0.125 0.00410079956054688 0.00205039978027344
71 0.0078125 0.03125 0 0 0 0 0 0 0 0 0 0 0 0 0 0.125 0.25 0 0.0078125 0.015625 0.03125 0.03125 0 0 0 0 0 0 0 0 0 0 0 0 0 0 0 0 0.015625 0.03125 0.015625 0.015625 0.03125 0.03125 0.0625 0.03125 0.0625 0.0078125 0.0078125 0.00390625 0.001953125 0.0009765625 0.00048828125 0.000244140625 0.0001220703125 0.00390625 0.001953125 0.0009765625 0.00048828125 0.000244140625 0.0001220703125 6.103515625e-05 3.0517578125e-05 0.015625 0.0078125 0.00390625 0.001953125 0.0009765625 0.12548828125 0.00103759765625 0.063262939453125 1.52587890625e-05 0.0316390991210938 0.0158195495605469 0.03125 0.015625 0.0078125 0.00390625 0.001953125 0.125 0.25 0.5 0.25 0.00790977478027344 0.00395488739013672
58 0.00390625 0.015625 0 0 0 0 0 0 0 0 0 0 0 0 0 0.0625 0.125 0.25 0.00390625 0.0078125 0.015625 0.015625 0 0 0 0 0 0 0 0 0 0 0 0 0 0 0 0 0.0078125 0.015625 0.0078125 0.0078125 0.015625 0.015625 0.03125 0.015625 0.03125 0.00390625 0.00390625 0.001953125 0.0009765625 0.00048828125 0.000244140625 0.0001220703125 6.103515625e-05 0.001953125 0.0009765625 0.00048828125 0.000244140625 0.0001220703125 6.103515625e-05 3.0517578125e-05 1.52587890625e-05 0.0078125 0.00390625 0.001953125 0.0009765625 0.00048828125 0.250244140625 0.000518798828125 0.125381469726562 7.62939453125e-06 0.0626945495605469 0.0313472747802734 0.015625 0.0078125 0.00390625 0.001953125 0.0009765625 0.0625 0.125 0.25 0.5 0.0156736373901367 0.00783681869506836
81 0.0002899169921875 0.000732421875 6.103515625e-05 0.0001220703125 0.000244140625 0.00048828125 0.0009765625 0.001953125 0.0001220703125 0.000244140625 0.00048828125 0.0009765625 0.0078125 0.00390625 0.0078125 0.001953125 0.00390625 0.0078125 0.0002899169921875 0.000579833984375 0.0009765625 0.000732421875 0.00390625 0.0078125 0.00048828125 0.0009765625 0.001953125 0.00390625 0.0078125 0.015625 0.001953125 0.00390625 0.03125 0.125 0.0009765625 0.001953125 0.25 0 0.000579833984375 0.001068115234375 0.0006103515625 0.000640869140625 0.0012664794921875 0.0012664794921875 0.0015106201171875 0.0009765625 0.001220703125 0.000396728515625 0.0005035400390625 0.00061798095703125 0.00104141235351562 0.00198554992675781 0.00392246246337891 0.00782060623168945 0.0156290531158447 0.0003814697265625 0.00055694580078125 0.00101089477539062 0.00197029113769531 0.00391483306884766 0.00781679153442383 0.0156271457672119 0.031251072883606 0.00136566162109375 0.00214767456054688 0.00400352478027344 0.00786113739013672 0.0156493186950684 0.0312864780426025 0.0312718152999878 0.0625210404396057 0.062500536441803 0.125000536441803 0.25 0.00160980224609375 0.00226974487304688 0.00406455993652344 0.00789165496826172 0.0156645774841309 0.00234222412109375 0.00410079956054688 0.00790977478027344 0.0156736373901367 0.5 0.25
83 0.00014495849609375 0.0003662109375 3.0517578125e-05 6.103515625e-05 0.0001220703125 0.000244140625 0.00048828125 0.0009765625 6.103515625e-05 0.0001220703125 0.000244140625 0.00048828125 0.00390625 0.001953125 0.00390625 0.0009765625 0.001953125 0.00390625 0.00014495849609375 0.0002899169921875 0.00048828125 0.0003662109375 0.001953125 0.00390625 0.000244140625 0.00048828125 0.0009765625 0.001953125 0.00390625 0.0078125 0.0009765625 0.001953125 0.015625 0.0625 0.00048828125 0.0009765625 0.125 0.25 0.0002899169921875 0.0005340576171875 0.00030517578125 0.0003204345703125 0.00063323974609375 0.00063323974609375 0.00075531005859375 0.00048828125 0.0006103515625 0.0001983642578125 0.00025177001953125 0.000308990478515625 0.000520706176757812 0.000992774963378906 0.00196123123168945 0.00391030311584473 0.00781452655792236 0.00019073486328125 0.000278472900390625 0.000505447387695312 0.000985145568847656 0.00195741653442383 0.00390839576721191 0.00781357288360596 0.015625536441803 0.000682830810546875 0.00107383728027344 0.00200176239013672 0.00393056869506836 0.00782465934753418 0.0156432390213013 0.0156359076499939 0.0312605202198029 0.0312502682209015 0.0625002682209015 0.125 0.000804901123046875 0.00113487243652344 0.00203227996826172 0.00394582748413086 0.00783228874206543 0.00117111206054688 0.00205039978027344 0.00395488739013672 0.00783681869506836 0.25 0.5
